AKAZE       ORB             size
00.279311	00.068367	1276	1276
00.216050	00.061133	1276	1276
00.212966	00.054754	1276	1276
00.233851	00.055243	1276	1276
00.171898	00.033786	1276	1276
00.170127	00.034102	1276	1276
00.166015	00.032407	1276	1276
00.160961	00.033361	1276	1276
00.156899	00.033766	1276	1276
00.172548	00.037893	1276	1276
00.296722	00.048368	1276	1276
00.345560	00.050090	1276	1276
00.267335	00.041882	956	956
00.376674	00.048486	956	956
00.354035	00.054798	1276	1276
00.178310	00.035444	1276	1276
00.228424	00.035122	1276	1276
00.194234	00.033330	1276	1276
00.196228	00.034479	1276	1276
00.197183	00.034261	1276	1276
00.369265	00.035057	956	956
00.191210	00.038331	956	956
00.211120	00.036222	1276	1276
00.262253	00.033469	1276	1276
00.294603	00.051708	1276	1276
00.185435	00.050045	1276	1276
00.239760	00.048116	1276	1276
00.277297	00.036514	1276	1276
00.206936	00.038799	956	956
00.198248	00.035460	956	956
00.185154	00.036671	1276	1276
00.177710	00.054954	1276	1276
00.215753	00.041002	1276	1276
00.223884	00.037145	1276	1276
00.211094	00.037728	1276	1276
00.199653	00.037015	1276	1276
00.178152	00.036145	1276	1276
00.189519	00.037094	1276	1276
00.173947	00.044616	1276	1276
00.166765	00.033959	1276	1276
00.161134	00.034182	1276	1276
00.155206	00.031061	1276	1276
00.163744	00.032648	1276	1276
00.221577	00.044898	1276	1276
00.277601	00.043024	1276	1276
00.379669	00.046299	1276	1276
00.204018	00.035887	1276	1276
00.195953	00.038954	1276	1276
00.255017	00.040786	1276	1276
00.223727	00.038441	1276	1276
00.249824	00.040371	1276	1276
00.228176	00.041050	1276	1276
00.237981	00.038445	1276	1276
00.242045	00.040149	1276	1276
00.242290	00.040048	1276	1276
00.186283	00.036769	1276	1276
00.187609	00.034686	1276	1276
00.221673	00.035680	1276	1276
00.207660	00.032238	1276	1276
00.208181	00.034258	1276	1276
00.199826	00.035781	1276	1276
00.189600	00.032948	1276	1276
00.180204	00.031632	1276	1276
00.197511	00.035323	1276	1276
00.187495	00.036233	1276	1276
00.241090	00.035573	1276	1276
00.179272	00.036531	1276	1276
00.206213	00.034675	1276	1276
00.178650	00.035295	1276	1276
00.232850	00.036612	1276	1276
00.262309	00.039258	1276	1276
00.215508	00.038542	1276	1276
00.307777	00.040744	1276	1276
00.193259	00.035859	1276	1276
00.309517	00.036849	1276	1276
00.265614	00.042711	1276	1276
00.187697	00.034880	1276	1276
00.211174	00.034381	1276	1276
00.202372	00.035852	1276	1276
00.180927	00.032296	1276	1276
00.199473	00.030116	1276	1276
00.191448	00.036385	1276	1276
00.199976	00.037530	1276	1276
00.198482	00.034709	1276	1276
00.211733	00.031481	1276	1276
00.222593	00.033285	1276	1276
00.185624	00.033123	1276	1276
00.212909	00.036724	1276	1276
00.209898	00.033416	1276	1276
00.230180	00.038227	1276	1276
00.192645	00.033635	1276	1276
00.211733	00.035447	1276	1276
00.199166	00.035300	1276	1276
00.286074	00.045197	1276	1276
00.216963	00.040718	1276	1276
00.188505	00.034495	1276	1276
00.227061	00.040152	1276	1276
00.221683	00.037083	1276	1276
00.287553	00.046298	1276	1276
